epoch = 3.0
eval_accuracy = 0.8529411764705882
eval_combined_score = 0.8747464503042597
eval_f1 = 0.896551724137931
eval_loss = 0.4086665213108063
eval_runtime = 0.672
eval_samples_per_second = 607.144
eval_steps_per_second = 75.893
