epoch = 3.0
eval_accuracy = 0.7892156862745098
eval_combined_score = 0.8222172707466824
eval_f1 = 0.8552188552188551
eval_loss = 0.48621615767478943
eval_runtime = 1.7776
eval_samples_per_second = 229.528
eval_steps_per_second = 9.564
