epoch = 3.0
eval_accuracy = 0.8014705882352942
eval_combined_score = 0.8322073753359212
eval_f1 = 0.8629441624365483
eval_loss = 0.47410786151885986
eval_runtime = 0.4011
eval_samples_per_second = 1017.299
eval_steps_per_second = 42.387
